name: hpx
channels:
- anaconda
- defaults
dependencies:
- _tflow_180_select=1.0=gpu
- absl-py=0.2.2=py36_0
- astor=0.6.2=py36_1
- blas=1.0=mkl
- bleach=1.5.0=py36_0
- ca-certificates=2018.03.07=0
- certifi=2018.4.16=py36_0
- cudatoolkit=9.0=h13b8566_0
- cudnn=7.1.2=cuda9.0_0
- cupti=9.0.176=0
- gast=0.2.0=py36_0
- grpcio=1.12.1=py36hdbcaa40_0
- html5lib=0.9999999=py36_0
- intel-openmp=2018.0.3=0
- libedit=3.1.20170329=h6b74fdf_2
- libffi=3.2.1=hd88cf55_4
- libgcc-ng=7.2.0=hdf63c60_3
- libgfortran-ng=7.2.0=hdf63c60_3
- libprotobuf=3.5.2=h6f1eeef_0
- libstdcxx-ng=7.2.0=hdf63c60_3
- markdown=2.6.11=py36_0
- mkl=2018.0.3=1
- mkl_fft=1.0.2=py36h651fb7a_0
- mkl_random=1.0.1=py36h4414c95_1
- ncurses=6.1=hf484d3e_0
- numpy=1.14.5=py36h1b885b7_4
- numpy-base=1.14.5=py36hdbf6ddf_4
- openssl=1.0.2o=h20670df_0
- pip=10.0.1=py36_0
- protobuf=3.5.2=py36hf484d3e_1
- python=3.6.6=hc3d631a_0
- readline=7.0=ha6073c6_4
- setuptools=39.2.0=py36_0
- six=1.11.0=py36_1
- sqlite=3.24.0=h84994c4_0
- tensorboard=1.8.0=py36hf484d3e_0
- tensorflow=1.8.0=hb11d968_0
- tensorflow-base=1.8.0=py36hc1a7637_0
- tensorflow-gpu=1.8.0=h7b35bdc_0
- termcolor=1.1.0=py36_1
- tk=8.6.7=hc745277_3
- werkzeug=0.14.1=py36_0
- wheel=0.31.1=py36_0
- xz=5.2.4=h14c3975_4
- zlib=1.2.11=ha838bed_2
- pandas=0.20.3=py36_0
- python-dateutil=2.6.1=py36_0
- pytz=2017.2=py36_0
- pip:
  - appdirs==1.4.3
  - cycler==0.10.0
  - decorator==4.1.2
  - kiwisolver==1.0.1
  - mako==1.0.7
  - markupsafe==1.0
  - matplotlib==2.2.2
  - mkl-fft==1.0.2
  - mkl-random==1.0.1
  - mrcfile==1.0.4
  - py==1.4.34
  - pycuda==2017.1.1
  - pyparsing==2.2.0
  - pytest==3.2.1
  - pytools==2017.4
  - scipy==1.1.0

